1
rxd_dmg_module@2x.packed.webp
80
23
320 0 80 80 0 4 0 frame0
400 0 80 80 0 4 0 frame1
80 0 80 80 0 4 0 frame2
0 0 80 80 0 4 0 frame3
480 0 80 80 0 4 0 frame4
240 0 80 80 0 4 0 frame5
160 0 80 80 0 4 0 frame6
320 80 80 80 0 4 0 frame7
400 80 80 80 0 4 0 frame8
80 80 80 80 0 4 0 frame9
0 80 80 80 0 4 0 frame10
480 80 80 80 0 4 0 frame11
240 80 80 80 0 4 0 frame12
160 80 80 80 0 4 0 frame13
320 160 80 80 0 4 0 frame14
400 160 80 80 0 4 0 frame15
80 160 80 80 0 4 0 frame16
0 160 80 80 0 4 0 frame17
480 160 80 80 0 4 0 frame18
240 160 80 80 0 4 0 frame19
160 160 80 80 0 4 0 frame20
0 80 80 80 0 4 0 frame21
0 160 80 80 0 4 0 frame22
