1
rxd_dmg_module.packed.webp
40 40
23
160 0 40 40 0 2 0 frame0
200 0 40 40 0 2 0 frame1
40 0 40 40 0 2 0 frame2
0 0 40 40 0 2 0 frame3
240 0 40 40 0 2 0 frame4
120 0 40 40 0 2 0 frame5
80 0 40 40 0 2 0 frame6
160 40 40 40 0 2 0 frame7
200 40 40 40 0 2 0 frame8
40 40 40 40 0 2 0 frame9
0 40 40 40 0 2 0 frame10
240 40 40 40 0 2 0 frame11
120 40 40 40 0 2 0 frame12
80 40 40 40 0 2 0 frame13
160 80 40 40 0 2 0 frame14
200 80 40 40 0 2 0 frame15
40 80 40 40 0 2 0 frame16
0 80 40 40 0 2 0 frame17
240 80 40 40 0 2 0 frame18
120 80 40 40 0 2 0 frame19
80 80 40 40 0 2 0 frame20
40 0 40 40 0 2 0 frame21
80 0 40 40 0 2 0 frame22
