1
Levels@2x.packed.webp
40 40
20
0 0 40 40 0 0 0 frame0
0 50 40 40 0 0 0 frame1
40 0 40 40 0 0 0 frame2
40 50 40 40 0 0 0 frame3
80 0 40 40 0 0 0 frame4
80 50 40 40 0 0 0 frame5
120 0 40 40 0 0 0 frame6
120 50 40 40 0 0 0 frame7
160 0 40 40 0 0 0 frame8
160 50 40 40 0 0 0 frame9
200 0 40 40 0 0 0 frame10
200 50 40 40 0 0 0 frame11
240 0 40 40 0 0 0 frame12
240 50 40 40 0 0 0 frame13
280 0 40 40 0 0 0 frame14
280 50 40 40 0 0 0 frame15
320 0 40 40 0 0 0 frame16
320 50 40 40 0 0 0 frame17
360 0 40 40 0 0 0 frame18
360 50 40 40 0 0 0 frame19
