1
Levels.packed.webp
20 20
20
0 0 20 20 0 0 0 frame0
0 25 20 20 0 0 0 frame1
20 0 20 20 0 0 0 frame2
20 25 20 20 0 0 0 frame3
40 0 20 20 0 0 0 frame4
40 25 20 20 0 0 0 frame5
60 0 20 20 0 0 0 frame6
60 25 20 20 0 0 0 frame7
80 0 20 20 0 0 0 frame8
80 25 20 20 0 0 0 frame9
100 0 20 20 0 0 0 frame10
100 25 20 20 0 0 0 frame11
120 0 20 20 0 0 0 frame12
120 25 20 20 0 0 0 frame13
140 0 20 20 0 0 0 frame14
140 25 20 20 0 0 0 frame15
160 0 20 20 0 0 0 frame16
160 25 20 20 0 0 0 frame17
180 0 20 20 0 0 0 frame18
180 25 20 20 0 0 0 frame19
