1
RXD_MODS.packed.webp
68 68
29
2000 2000 116 116 0 0 0 frame0
544 431 68 68 0 0 0 frame1
204 431 68 68 0 0 0 frame2
544 363 68 68 0 1 0 frame3
340 431 68 68 0 0 0 frame4
408 431 68 68 0 0 0 frame5
2000 2000 136 136 0 0 0 frame6
272 431 68 68 0 0 0 frame7
2000 2000 116 116 0 0 0 frame8
2000 2000 116 116 0 0 0 frame9
0 431 68 68 0 0 0 frame10
68 431 68 68 0 0 0 frame11
476 431 68 68 0 0 0 frame12
2000 2000 136 136 0 0 0 frame13
2000 2000 116 116 0 0 0 frame14
136 431 68 68 0 0 0 frame15
2000 2000 59 45 10 23 0 frame16
0 523 68 68 0 0 0 frame17
68 523 68 68 0 0 0 frame18
136 523 68 68 0 0 0 frame19
204 523 68 68 0 0 0 frame20
272 523 68 68 0 0 0 frame21
340 523 68 68 0 0 0 frame22
0 363 68 68 0 0 0 frame23
68 363 68 68 0 0 0 frame24
136 363 68 68 0 0 0 frame25
204 363 68 68 0 0 0 frame26
272 363 68 68 0 0 0 frame27
340 363 68 68 0 0 0 frame28
